9.292936433209932900e+00
4.664822533558457884e+00
-2.813039658659606257e+00
-5.088791099397282025e+00
-4.549536994379302257e+00
-3.471066534476868970e+00
-2.707205393670798266e+00
-2.447247123779194844e+00
-3.746676362703192709e+00
-4.043947515533631076e+00
-3.083887459920720886e+00
-3.146430230815141726e+00
-3.867452444748396001e+00
5.273203709328599942e-02
8.817745145926135786e-01
-3.870744085418782454e+00
-4.929400093491590695e+00
-4.831615721580799772e+00
-4.699601267359716061e+00
-3.235197675869159628e+00
-4.129996630930803825e+00
-5.422673206496817500e+00
-3.958937536324024009e+00
-3.931001219432388005e+00
-4.453177252207702885e+00
-3.406367169054163480e+00
-4.266619203741432997e+00
-2.926219760436922446e+00
-4.750667999118975970e+00
-2.599939074387283444e+00
-5.128467450975147557e+00
-2.988724374773617853e+00
-4.384342138969404168e+00
-3.751551331649262799e+00
-2.389334441387182650e+00
-3.480068583019017225e+00
-3.453429107620954230e+00
-3.791838917611000781e+00
-2.764965679546897537e+00
-5.672243485722504808e+00
-4.612990668412066064e+00
-4.248552796152089250e+00
-4.028920898650012461e+00
-3.939358329836059269e+00
-4.019409608726620675e+00
-3.338397195400722328e+00
-4.002711692800959398e+00
-3.277394125119551305e+00
-5.519933319248806036e+00
-3.459264297651154507e+00
-4.479617242050867532e+00
-4.389363684599367765e+00
-2.227544385096366764e+00
-4.496042944496037030e+00
-7.048969478603061667e+00
-4.892502738125799944e+00
-4.882454848268048764e+00
-4.780366319177612233e+00
-4.630250255355100819e+00
-4.640371947965411081e+00
-6.157578641774751560e+00
-6.690346000743346622e+00
-6.096852622985767134e+00
-3.751293158084680446e+00
-4.226789788707896456e+00
-3.178059763989034892e+00
-3.400662439167333240e+00
-3.790395208471550426e+00
-4.145192596046981315e+00
-6.087413503518652291e+00
-5.671023023486444714e+00
-4.028300173249491856e+00
-4.254822674906043822e+00
-4.694601068852998438e+00
-6.220193571398550780e+00
-6.394299847194780284e+00
-7.312199100297338106e+00
-4.655003225055104110e+00
-4.866553625207989953e+00
-5.040298849614774923e+00
-6.581187691830296060e+00
-4.397387588541275427e+00
-5.532039859509787938e+00
-4.702758307057224307e+00
-3.660414333515229934e+00
-5.602625949038874786e+00
-2.472427989986968555e+00
-3.018560835730212943e+00
-3.295578871399289511e+00
-4.931950795848707436e+00
-4.859179885827667356e+00
-3.102792717707010262e+00
-2.221707884192432036e+00
-5.268831451176414937e+00
-4.832292889609555608e+00
-5.595602904825023316e+00
-5.357150412705377285e+00
-4.252337152000023934e+00
-3.532715304331471184e+00
-4.260593301462831661e+00
-6.771837684821266024e+00
-4.498144128759443028e+00
-4.042551325431613662e+00
-6.184044163585307174e+00
-4.513363341082875735e+00
-5.176263522522889460e+00
-5.006977071840335469e+00
-2.973841140995981291e+00
-3.723582465793038310e+00
-5.885061318845383305e+00
-5.817075922800302834e+00
-4.705849785185248102e+00
-3.503131061204979524e+00
-3.906120921561162973e+00
-4.561851406273921938e+00
-4.948023836730015113e+00
-4.606828283646006383e+00
-6.481743884072175277e+00
-5.226324841556732714e+00
-4.930718089198508736e+00
-6.663818263280785636e+00
-5.044997677852922635e+00
-2.862037037025067399e+00
-4.609014986567499861e+00
-4.990350268921208254e+00
-5.806201186216736865e+00
-4.893134326161534986e+00
-4.195690313586376341e+00
-4.097804279568420860e+00
-3.748838316709957041e+00
-4.109298737209718944e+00
-6.196080226620434672e+00
-3.879769296864429062e+00
-4.342518780439638348e+00
-3.986691661825408239e+00
-4.239112426080926532e+00
-4.417107349416379058e+00
-3.942953714774730667e+00
-4.505867625448154890e+00
-4.147829562080345589e+00
-3.417747046662047428e+00
-3.915335939648270980e+00
-3.289190918375406003e+00
-4.766655107228333854e+00
-4.997727282286241746e+00
-3.017410161196700358e+00
-2.327809001862640059e+00
-3.185436078868519871e+00
-5.652204064916693582e+00
-5.303880729884659750e+00
-3.389678502263397952e+00
-3.813982363544099030e+00
-5.951410145705697374e+00
-3.915680376018002118e+00
-4.410163874631904513e+00
-4.710397379839587728e+00
-5.027146077406802860e+00
-4.157713504628988588e+00
-4.653995473500069480e+00
-3.952909797068869580e+00
-5.732805693679247305e+00
-6.541004918860967798e+00
-1.060581087513712273e+00
-3.821397849343090236e+00
-2.951178082898225252e+00
-3.182549821879111729e+00
-3.838754064178883318e+00
-4.899688192315674762e+00
-4.698476265220716819e+00
-5.742587486490381643e+00
-4.866422100640499515e+00
-5.396817590667649434e+00
-3.895028085660838357e+00
-8.204987162017202351e+00
