3.873019655050505161e+00
-1.946733623522775236e+00
-2.153681049160282246e+00
-3.851135007130229493e+00
-1.810553086760051889e+00
-3.745132307008741002e+00
-2.021350320325725036e+00
-6.721667356029241702e+00
-5.072124729011934008e+00
-6.172284045106227524e+00
-3.477589996208032552e+00
-3.688528181699086694e+00
-3.960440418724358480e+00
-5.162901830567301786e+00
-7.981463106102707705e+00
-3.834174257676240316e+00
-4.433641643856754300e+00
-4.662184153661344865e+00
-4.106222895511641546e+00
-4.297548162612076617e+00
-4.866000390377862139e+00
-5.129399185334504452e+00
-6.591500925296602809e+00
-3.859108223938904292e+00
-4.536621706765434858e+00
-6.185953894827047606e+00
-6.034110696407100960e+00
-4.642193545206198202e+00
-4.258843968065834318e+00
-6.499690065461368960e+00
-3.931710180846347491e+00
-4.320736762419007171e+00
-3.617456331759473454e+00
-4.860891343159546629e+00
-6.226018618275403149e+00
-3.933711854238734595e+00
-2.752983621057320640e+00
-6.258379643917823643e+00
-5.376857820320717352e+00
-4.899934864551797276e+00
-4.229165679450455073e+00
-3.055519091549334654e+00
-6.260250307115392765e+00
-4.977197235117154506e+00
-4.811309577261197568e+00
-5.167704368415314775e+00
-4.514529581466718788e+00
-6.555795505234291554e+00
-3.820380730237254330e+00
-3.705921525587289267e+00
-6.358575186129675316e+00
-4.111543009239254864e+00
-5.849838366740252482e+00
-4.216905116106189233e+00
-4.955629509023465218e+00
-3.602928286768974253e+00
-3.803731023366932362e+00
-4.938533205857881470e+00
-2.374650886032373620e+00
-3.006810767388064409e+00
-3.153742484414749914e+00
-2.860815344855091702e+00
-3.605031456067885998e+00
-4.406121446362476490e+00
-5.503720532429977830e+00
-5.093730516375977402e+00
-3.394619321397500666e+00
-5.483532451724295598e+00
-5.333326090982112966e+00
-5.866946979771517690e+00
-4.734720752002919752e+00
-4.239557415697518650e+00
-5.674423288082980577e+00
-4.456670437837736642e+00
-4.589317945661255393e+00
-3.808508983143759075e+00
-4.692964873835912876e+00
-5.117334739993781412e+00
-4.782167338237865550e+00
-4.795552444561494987e+00
-4.274630854780355094e+00
-3.849198252773259110e+00
-5.274192530686907077e+00
-3.594993039789891043e+00
-3.852301691721845334e+00
-2.723117524332401285e+00
-6.326876683077638397e+00
-4.044307326245366596e+00
-5.451396476393972179e+00
-4.152925172924628150e+00
-3.604569715946339237e+00
-4.181039753587503682e+00
-3.527663763552018050e+00
-6.368455817956098386e+00
-5.135754972621704439e+00
-2.918419801162941418e+00
-5.730886724152898459e+00
-3.877360852262617730e+00
-3.527563415105211320e+00
-3.803547069927581070e+00
-2.701720530013849153e+00
-4.244900508851341847e+00
-2.756315444953199911e+00
-3.061851911617675448e+00
-3.118460565990679001e+00
-5.153718873747497042e+00
-5.016046491479029257e+00
-3.900960247189860119e+00
-3.313572991218033614e+00
-3.343492583499247051e+00
-3.697562082743033329e+00
-4.385139603081686488e+00
-3.926322763867724497e+00
-5.997212694640452035e+00
-6.024382197966518859e+00
-3.591639032649408314e+00
-4.277302699323219493e+00
-3.242339130208414577e+00
-5.555559244794844531e+00
-3.909468179610495753e+00
-5.511061562034628381e+00
-5.770926931760695489e+00
-2.177860806418520756e+00
-3.825200588230627918e+00
-5.079196476718538023e+00
-2.885790325299378623e+00
-3.954585002551578299e+00
-3.716278677608470637e+00
-5.279551834833497104e+00
-5.338081486592376024e+00
-3.053293949265271756e+00
-5.369684240923376706e+00
-5.023324207430852617e+00
-5.382873242436049921e+00
-5.363627923830716071e+00
-4.054655142799786560e+00
-4.243299723302456528e+00
-3.025134291839640444e+00
-6.123711626246499229e+00
-6.564510871299474637e+00
-5.068810324608890028e+00
-4.767507365687023935e+00
-3.814224723997346800e+00
-5.480092540878424678e+00
-4.292804157929027475e+00
-4.149126177816856220e+00
-4.745392672795465394e+00
-2.947645439706186643e+00
-2.986589375478648112e+00
-5.266344444876603248e+00
-4.242971387069484734e+00
-4.802040886191009328e+00
-2.550970352095522031e+00
-4.514892606030600497e+00
-3.244875261043554282e+00
-6.079463935602088753e+00
-3.769280386690368356e+00
-4.576917314174805185e+00
-4.233461144380899377e+00
-4.397415950557677533e+00
-4.273683905788765003e+00
-6.406911092779841610e+00
-2.703488285672272617e+00
-4.416165061692107763e+00
-2.751311791705908227e+00
-2.876596744815774542e+00
-4.866022857619501707e+00
-5.188885323760690227e+00
-5.756608894894235107e+00
-4.934490252897595575e+00
-3.406741789575342683e+00
-3.559754103699167338e+00
-3.125504553897083593e+00
-4.441878883496191754e+00
-4.795153423122509473e+00
-5.733686055937480930e+00
-6.684609074928725470e+00
-3.816182946772744167e+00
-3.131297923886489976e+00
-4.016131610821646269e+00
-3.403165059330126585e+00
-3.274305394205202724e+00
-3.924322628040844751e+00
-3.307214844311620716e+00
-5.802503846948970256e+00
-3.415629657347178494e+00
-3.107559992018690043e+00
-2.503738343993486382e+00
-4.302391024474668590e+00
-5.559264151087406347e+00
-6.070087964049067253e+00
-5.377021832094029286e+00
-3.154730349931955224e+00
-4.846971930110055560e+00
-5.718808776650583958e+00
-3.913702469152133379e+00
-3.522494169117472929e+00
-3.462547269878172074e+00
-2.638698720336066117e+00
-4.639587407448021672e+00
-4.978650881987073618e+00
-3.642126223158228981e+00
-3.252470695995377081e+00
-5.924077429313527432e+00
-5.589085268247266924e+00
-5.669767894938711805e+00
-4.241600152174457072e+00
-5.111115438596260496e+00
-3.435434614736880832e+00
-3.570651847963792314e+00
-5.493350565942360930e+00
-4.490318721051775874e+00
-4.783700589639454215e+00
-4.848429994969037260e+00
-5.274116226185736167e+00
-3.529620938107401962e+00
-1.837142666521704770e+00
-3.800582785194103419e+00
-5.122865236275758960e+00
-6.491173324013063350e+00
-3.427855363947959866e+00
-4.938078220457475354e+00
-5.914602083800343024e+00
-4.175100753970347078e+00
-5.822504101622497430e+00
-5.556695016918405727e+00
-6.212664182407930724e+00
-4.432101255792677996e+00
-5.280592421451908436e+00
-3.183358057463456348e+00
-6.259630273408909318e+00
-4.468359318709295813e+00
-6.023084512296406956e+00
-6.211877869680424880e+00
-5.050606478120005960e+00
-7.434313724039800952e+00
-5.546695309118690354e+00
-4.998379792696129087e+00
-5.854312917082234335e+00
-5.815198894462566770e+00
-3.506165624384634416e+00
-6.123249792888724841e+00
-6.187992847689040232e+00
-4.056609612497165784e+00
-3.747175788542235875e+00
-5.729560678247791472e+00
-4.293782426024193022e+00
-5.119345604196267274e+00
-4.025842268025998649e+00
-5.026431656845945284e+00
-4.639830629302851506e+00
-3.545373988115248842e+00
-4.896436030366226433e+00
-5.303985076093276518e+00
-3.137837990457745363e+00
-5.225849148008927081e+00
-3.105557256550526724e+00
-3.745072593583471221e+00
-3.608423130500886256e+00
-3.702488797513151297e+00
-4.457259220851739201e+00
-3.544873018635039230e+00
-4.995253135788011889e+00
-3.395013537594779862e+00
-3.981737327024593487e+00
-3.631613039260152220e+00
-5.112168075103218357e+00
-3.454366185852479454e+00
-3.181490764701393026e+00
-4.488894452123146195e+00
-4.365519365881397107e+00
-5.268645156972956656e+00
-4.015948418704651246e+00
-5.250314285331250552e+00
-4.028436253418593793e+00
-4.726520819985068123e+00
-5.382443247731383273e+00
-5.373777550732436126e+00
-5.663283240468011570e+00
-4.627303877548924582e+00
-4.099941985137424361e+00
-5.952319760379181979e+00
-3.303241019229540498e+00
-5.519725158936049425e+00
-3.918926597295880221e+00
-7.378555837929654970e+00
-2.828922040531264503e+00
-5.408829168638878748e+00
-5.024779108084026724e+00
-3.746473165453225285e+00
-3.437946488752105179e+00
-5.279201124530165323e+00
-4.588700356558373272e+00
-6.384634418489862462e+00
-6.629097372320387649e+00
-5.619422751965816865e+00
-3.443489266804410143e+00
-4.728346860828916753e+00
-4.993758252230342976e+00
-5.598528566345214230e+00
-4.007585401041005468e+00
-6.591070048123119918e+00
-4.340482589909642641e+00
-2.943592818534627398e+00
-5.675296873949442045e+00
-5.101819125651008591e+00
-4.600649419701724696e+00
-5.225823962901895214e+00
-5.365258312776449046e+00
-5.157005475717797438e+00
-3.408299399889253678e+00
-4.643223518257609150e+00
-5.234543654661453438e+00
-6.083132990548224761e+00
-4.547876740732253786e+00
-5.480998967897183327e+00
-3.636707926338399233e+00
-4.408303218274982171e+00
-2.713357627018741169e+00
-4.261685677099675829e+00
-3.915634318687017945e+00
-5.257207055443631205e+00
-5.100006772609191330e+00
-4.900095996480905214e+00
-3.045944771691782016e+00
-3.301165646066912984e+00
-5.805144212568585260e+00
-6.132430646666177765e+00
-5.532293885004563094e+00
-6.185395486508563856e+00
-5.647752209219618180e+00
-4.644217424818717355e+00
-5.064621012668204969e+00
-5.037570984352178094e+00
-3.097750271637710995e+00
-4.445449939806524142e+00
-3.755321165762998792e+00
-2.428725253439478315e+00
-2.870694447175824671e+00
-3.007125820684517947e+00
-3.767353859789783321e+00
-3.426818421745655652e+00
-4.036551236755839156e+00
-1.808720701195926317e+00
-4.535702548542382750e+00
-4.506953499940797414e+00
-5.347285068723962809e+00
-5.040440599156561952e+00
-3.293147020315596141e+00
-3.185109938112560712e+00
-4.549417409268611934e+00
-4.388626357332279682e+00
-5.080810159089634404e+00
-3.043036026063431265e+00
-4.977474565940558371e+00
-5.153146678684866089e+00
-5.467346622253174360e+00
-4.573375790442354649e+00
-3.260449253908750844e+00
-3.780529915861318813e+00
-4.270989958346259385e+00
-5.258712486199113023e+00
-1.600937946330111883e+00
-1.750448167038554992e+00
-3.248824418153428262e+00
-6.128351017580666138e+00
-4.431160372738110809e+00
-3.443419467872016693e+00
-4.407878992030009435e+00
-4.607563660577203457e+00
-3.730524005642734675e+00
-5.142800403029718304e+00
-4.524245859064671471e+00
-5.089777029976820799e+00
-1.236975848467081196e+00
-4.143496434043345999e+00
-5.729035602595784482e+00
-4.284249991276441349e+00
-4.977403887759683343e+00
-5.625268993871433310e+00
-4.524685327104066346e+00
-5.731624075587774314e+00
-4.722506921430081661e+00
-4.975975868160054105e+00
-4.869482711592493906e+00
-6.198898821106286761e+00
-5.729416639537086908e+00
-4.863316794911188623e+00
-5.209094612822415371e+00
-4.753603748524145800e+00
-6.793777916896076796e+00
-2.654824940935980759e+00
-5.118084937115635391e+00
-3.864502818012037544e+00
-1.920166627309435547e+00
-2.102864472255381756e+00
-3.423965741930794948e+00
-3.871235017710025872e+00
-5.754894567854940135e+00
-6.190911472730387999e+00
-4.131154204821421594e+00
-4.639816173392164345e+00
-3.461545176513642463e+00
-3.216013031586538062e+00
-5.617928286243726532e+00
-4.258253246207742038e+00
-4.506308254764654464e+00
-4.396013678691302218e+00
-2.787586018921700770e+00
-5.841807773399386505e+00
-4.150353406741326800e+00
-5.294678817196311726e+00
-4.916885277299636314e+00
-4.696794462143237148e+00
-5.117076480520907467e+00
-4.853100820904827195e+00
-3.427827167450424817e+00
-4.830610147315200997e+00
-4.993219639603196036e+00
-5.402323063616405463e+00
-4.847303549469241801e+00
-5.296755993447455957e+00
-3.201903925194224954e+00
-7.773591538819018432e+00
-4.951755890248453973e+00
-3.611240937204791557e+00
-2.918589678692306677e+00
-4.122418076056734826e+00
-5.454225283110755385e+00
-4.907544989066110475e+00
-4.199478565425852850e+00
-3.121955642391612606e+00
-3.048083434178860074e+00
-7.122468086999715453e+00
-4.047631822304021298e+00
-6.216871688644926230e+00
-4.616657517580994963e+00
-5.752018646639906585e+00
-4.562370574533444412e+00
-5.141529853238945513e+00
-6.459938247117850807e+00
-5.245376251216310237e+00
-4.409581240765691135e+00
-5.760206326802666865e+00
-4.476305367014638215e+00
-3.521881449538652120e+00
-4.045847181568441364e+00
-3.441127945883816430e+00
-3.402521447998505089e+00
-2.816047050651771411e+00
-2.139328905420425198e+00
-5.803736224501477636e+00
-3.912726541763902333e+00
-3.693324423840109283e+00
-5.327542278874654258e+00
-5.412239463783889093e+00
-5.993737525678985989e+00
-3.920835209413723099e+00
-4.882712186885092009e+00
-4.118533814196059240e+00
-5.771071101747133447e+00
-3.527862293471957678e+00
-4.169223630560995986e+00
-4.074621388739013916e+00
-3.911738233159831157e+00
-5.697980084426010450e+00
-2.829037478912950210e+00
-3.637503423129305524e+00
-4.889238542577489355e+00
-4.402478074287712317e+00
-3.990199319625545193e+00
-4.454141439898516630e+00
-5.333710305727374035e+00
-3.745864776163162713e+00
-5.889645217046861170e+00
-4.499605518304769625e+00
-5.538437481975745591e+00
-3.125353729520489843e+00
-4.537172260434669369e+00
-3.680571328779960627e+00
-4.074756789719527816e+00
-6.604345767003884760e+00
-4.099491590105053263e+00
-2.668590311748780142e+00
-4.243139380500867475e+00
-4.586398170390727280e+00
-3.906779721341846034e+00
-4.388133977480757508e+00
-4.925050457514447366e+00
-2.955743881952666019e+00
-4.264294977135243414e+00
-4.686933272417355134e+00
-3.575069979608364257e+00
-4.523654615599103757e+00
-4.370887978129223583e+00
-3.272750219607583499e+00
-4.573092479136593447e+00
-5.545735071594563692e+00
-5.492677186911819831e+00
-5.293834203659240067e+00
