edges:
46
0 0 0 1 2.5
0 0 1 0 1.0
0 1 0 0 2.5
0 1 0 2 2.5
0 2 0 1 2.5
0 2 0 3 3.0
0 2 3 2 6.0
0 2 3 3 2.5
0 3 0 2 3.0
0 3 3 3 3.0
1 0 0 0 1.0
1 0 1 1 6.0
1 1 1 0 6.0
1 1 2 0 4.0
1 1 3 1 6.0
1 1 3 2 10.0
2 0 1 1 4.0
2 0 5 0 10.0
3 1 1 1 6.0
3 1 4 1 6.0
3 2 1 1 10.0
3 2 0 2 6.0
3 2 5 2 15.0
3 2 5 3 20.0
3 3 0 2 2.5
3 3 0 3 3.0
3 3 5 3 10.0
4 1 3 1 6.0
4 1 5 1 4.0
5 0 2 0 10.0
5 0 5 1 2.0
5 1 5 0 2.0
5 1 4 1 4.0
5 1 5 2 12.0
5 1 6 1 11.0
5 2 5 1 12.0
5 2 3 2 15.0
5 2 5 3 5.0
5 2 6 2 2.5
5 3 3 3 10.0
5 3 3 2 20.0
5 3 5 2 5.0
6 1 5 1 11.0
6 1 6 2 1.0
6 2 5 2 2.5
6 2 6 1 1.0